line
100 250 0 400 250 0
line
100 250 300 400 250 300
line
100 250 0 100 250 300
line
400 250 0 400 250 300
line
100 250 0 250 400 150
line
100 250 300 250 400 150
line
400 250 0 250 400 150
line
400 250 300 250 400 150
line
100 250 0 250 100 150
line
100 250 300 250 100 150
line
400 250 0 250 100 150
line
400 250 300 250 100 150
ident
move
600 -100 100
apply
line
100 250 0 400 250 0
line
100 250 300 400 250 300
line
100 250 0 100 250 300
line
400 250 0 400 250 300
line
100 250 0 250 400 150
line
100 250 300 250 400 150
line
400 250 0 250 400 150
line
400 250 300 250 400 150
line
100 250 0 250 100 150
line
100 250 300 250 100 150
line
400 250 0 250 100 150
line
400 250 300 250 100 150
display
ident
scale
0.5 0.5 0.5
apply
display
move -150 -50 0
line
100 250 0 400 250 0
line
100 250 300 400 250 300
line
100 250 0 100 250 300
line
400 250 0 400 250 300
line
100 250 0 250 400 150
line
100 250 300 250 400 150
line
400 250 0 250 400 150
line
400 250 300 250 400 150
line
100 250 0 250 100 150
line
100 250 300 250 100 150
line
400 250 0 250 100 150
line
400 250 300 250 100 150
ident
rotate
y 40
rotate
z 10
apply
display
ident
rotate
x 10
apply
display
save
pic2.png